37,45,96,69,95,88,81,24,52,86,18,55,68,76,61,57,58,23,62,91,54
97,71,66,28,95,86,18,76,61,14,57
11,58,62,65,82,76,43
35,93,66,42,86,45,88,67,96,26,73,71,95,81,24
64,95,88,81,24,52,86,18,55,68,76,61,14,44,57,58,23,62,91,51,38,65,32
69,88,81,24,86,18,55,68,76,61,14,44,57,58,23,62,91,54,51,38,65
54,65,32,92,82,39,43,99,93,73,42,84,26,97,19
92,46,82,39,43,73,84,67,19,71,96
65,32,67,99,77,57,39,93,11,51,42,63,91,58,62,38,73
92,26,93,66,51,39,42
73,63,35,77,37,19,43,93,26,95,28,66,71,45,67,42,84
99,93,73,42,84,26,97,71,66,28,37,45,64,24,52
97,71,66,28,45,96,69,64,95,88,81,24,52,86,18,55,68,14,57
39,54,92,91,51,11,46,84,77,43,23,73,63,58,62,99,32
37,95,55,76,58,91,54
11,44,54,46,62
26,99,11,97,39,62,32,46,92
14,44,58,23,54,38,92,39,43,63,77
99,93,42,84,26,35,97,71,66,37,69,64,95
61,44,57,23,62,91,51,38,32,92,82,11,39,43,63,93,42
51,63,93,73,42,84,67,26,97,71,66
88,81,86,14,23
18,55,68,76,61,44,57,58,62,91,54,38,65,92,46,82,11,43,63
93,63,11,23,51,68,76
38,43,82,77,91,23,14
42,84,37,45,88,52,55
44,61,54,62,76,82,92,23,63,57,99,38,32,14,65,93,11
97,64,96,66,88,86,68,76,28,61,24,37,18,19,69,14,44,71,45,52,35,55,81
91,38,65,32,92,46,11,39,43,63,99,93,73,77,84,67,19
91,38,65,46,63,99,84,97,19
73,63,43,51,99,92,38,82,26,65,84,46,97,93,11,77,42,54,35,19,71
84,26,64,95,24,86,18
28,37,44,19,58,76,52,14,96
55,68,76,61,14,44,57,58,23,91,54,51,65,32,92,82,11,39,43,63,99
46,82,11,39,43,63,99,93,73,42,77,84,67,26,35,97,71,66,28,37,45,96,69
35,37,96,64,52,55,44
37,63,66,84,64,45,26,67,35,88,69,71,28,81,77,42,93,95,99,97,24,96,19
24,81,19,88,18,37,26,95,45,84,67,28,97,52,66,73,69,86,35
14,76,95,57,68,86,92,55,51,91,52,61,81,54,65,24,18,58,44,32,23
65,73,19,43,99,26,92,71,11,67,39,66,84,28,46,93,97,35,32
45,96,86,76,61,44,58,54,51
32,92,46,82,11,39,63,99,93,73,42,77,84,67,26,35,97,19,71,66,28,37,45
69,61,44,62,91,54,65
91,54,32,99,57,92,65,14,39,46,63,42,43,58,44,82,61,51,93
92,82,11,63,93,73,42,77,97,19,71,66,37,45,96
42,26,71,37,45,64,24,52,86,18,55
82,18,61,62,57,14,46,58,54,24,91,11,86,68,52,92,65,76,23
39,43,38,71,46,84,99,73,67,77,51,19,35,92,11,97,66,63,65,82,93,32,26
37,82,42,43,39,64,28
68,69,71,64,14,96,86,52,28,44,57,95,19,55,18,76,61,88,37,97,66
54,58,18,52,44,11,39,82,92,76,51,86,14,55,57
37,45,96,69,95,81,24,52,86,18,68,61,14,44,58,62,91
84,67,26,35,19,71,66,28,37,45,96,69,64,95,88,81,24,52,86,18,55,68,76
71,66,28,37,45,69,64,88,81,24,52,86,18,68,76,61,14,44,57,58,23
77,73,35,28,96,71,43,39,66,95,69,37,84,26,93,19,99
71,96,66,11,73,37,35,28,97,84,69,39,93,77,43,45,99,63,46
91,54,51,38,65,32,92,46,82,39,43,99,93,73,42,77,84,67,26,97,19
68,38,86,32,61,54,44
92,46,82,11,43,63,99,93,73,42,77,84,67,26,35,97,19,71,66,28,37,45,96
86,95,96,28,52,26,88,97,69,19,35,55,66,24,45,67,37,76,71
65,46,82,39,63,42,67,26,35,19,71,66,37
68,76,14,44,57,58,62,91,54,51,32,92,46,82,43,99,93
45,64,95,81,52,86,18,55,68,61,23
69,64,86,55,68,61,44,58,62,38,65
14,62,91,51,65,46,82,11,77
39,91,63,46,11,84,82,65,35
69,64,95,88,81,24,52,86,18,55,68,76,61,14,44,57,58,23,62,54,51,38,65
92,82,39,93,73,42,77,84,67,97,19,71,66,28,37,45,96
19,71,66,28,37,45,96,69,64,88,81,24,52,86,18,55,68,76,61,14,44,57,58
67,19,42,96,18,24,55
84,67,26,35,97,19,71,66,45,69,24
32,92,46,82,11,43,99,93,42,84,67,35,19,71,66,28,37
39,43,99,73,42,77,84,26,97,19,66,28,37,96,64,95,88
84,91,32,97,73,93,46,19,11,99,39
93,67,91,39,54
24,65,86,32,57,55,44
38,65,46,11,39,42,77,84,28
11,43,63,99,93,73,77,84,67,35,97,19,71,28,45,96,95
91,57,39,65,76,46,38,55,58,54,18,44,62,51,86,68,92,14,52,32,82
81,24,52,68,76,61,14,57,58,23,62,54,38,92,82
66,63,82,99,97,42,64,11,45,67,37,69,35,71,84,26,93,43,73,96,28
67,38,46,19,11,99,82,54,63,92,32,91,65,51,73
96,28,24,26,45,84,88,99,97,67,77,93,69,42,19,64,95
32,45,39,26,73,37,35
14,57,58,62,91,54,92,39,43,99,93
67,26,35,97,19,71,28,45,95,88,81,24,18,55,68
11,97,66,26,63,93,77,42,39,96,82,69,46
55,76,61,14,57,58,23,62,54,51,38,65,32,92,46,82,11,39,43,63,99
35,37,45,19,73,93,63,24,77,88,67,42,66,28,71
62,32,57,43,63,11,51,82,42,38,61
73,42,77,84,67,26,35,97,19,71,66,28,37,45,96,64,95,88,81,24,52,86,18
45,96,77,37,66,84,73,63,99,97,67,39,95
23,62,82,11,93,67,35
93,42,51,11,58,54,82
51,24,14,65,55,44,86,88,57,58,46
18,55,68,61,14,44,57,23,62,91,54,51,38,65,32,46,82,11,39,43,63
43,99,93,73,42,35,19,71,66,28,96,64,95,88,81
43,73,58,65,99,63,38,51,32,67,39,26,42
61,14,23,46,11,43,99,93,42
46,82,39,63,99,73,42,77,84,67,26,35,19,71,66,28,45,96,69
81,24,52,86,55,68,76,61,14,44,57,58,23,62,54,51,38,32,92,46,82
97,19,71,66,45,88,52,68,57
69,14,88,24,97,52,96,86,76,45,26,81,35,66,37
91,69,57,14,88,38,96,23,76,68,64,61,95,58,81,54,55,18,52,86,51
65,42,39,46,43,77,91,57,58,67,23,38,51
68,77,19,67,69,37,66
38,51,76,44,46,68,65,92,32,91,14,61,39,43,55,54,63,82,18,62,57,23,11
26,35,97,71,28,37,45,69,64,95,88,81,52,86,18,55,68,76,14
95,81,24,52,86,18,68,76,14,44,57,58,23,62,91,54,51,38,65,32,92
14,44,51,32,92,46,77
82,77,84,67,35,28,64
77,84,45,81,24,18,68
62,54,51,38,65,32,46,39,43,63,93,84,67,35,97
95,81,52,55,44,38,92
88,71,55,28,37,95,97,18,64,35,44
91,58,61,38,11,32,92,39,65,23,68,76,14,43,82
91,54,51,38,32,92,46,82,11,63,99,77,84,67,26,35,19
18,68,14,44,57,23,62,51,65,32,46,82,43
91,55,69,96,86,62,81,58,44,28,88
57,81,24,66,96,76,68,97,45,37,55
96,69,95,24,86,68,76,61,44,57,23,62,91,54,51
18,86,95,69,52,97,96,28,19,67,81,76,35,45,64
81,54,46,65,24,76,52,51,55,91,86,68,44,57,18,23,82,38,58,62,92,32,14
61,14,95,55,37,69,96,81,71,68,18,26,76,88,66,97,52
84,67,71,66,28,37,45,64,88,68,76
38,32,19,46,54,63,67,65,26,51,97,39,77,84,42,99,43,82,71,11,35,93,73
92,46,82,11,39,63,99,73,77,67,35,66,28
66,28,61,37,58,44,14,71,52,88,68,64,55,18,23,45,95,86,96,57,81
67,97,91,65,46,54,26,35,62
32,92,46,99,73,77,26,35,97,19,71,28,45
86,95,19,77,71,24,66,18,55,68,88,45,67,64,28,37,97
69,64,95,88,81,24,52,86,18,55,68,76,61,14,44,57,58,23,62,91,54,38,65
55,61,86,92,46,14,76,39,51,32,44
88,24,55,52,28,68,45,71,35,64,97,14,26,18,37,76,61
26,73,63,84,58,32,39,92,54,93,38,42,82,77,67
37,45,69,64,95,81,24,52,86,18,68,76,61,14,58,23,62,91,54
44,73,51,93,62,57,38,63,99,54,92,76,58,23,14,32,91
88,81,18,68,61,44,58,23,62,91,54,51,32,92,46
76,73,57,99,63,61,91,14,32,93,23,58,65
84,66,28,64,81,55,76
44,82,39,93,42
92,82,39,63,93,42,66
38,32,82,11,73,77,66
73,42,84,67,97,64,95,24,18
73,92,84,91,57,42,39,77,99,58,54,46,23,65,67
96,64,95,88,81,24,52,86,18,55,68,76,61,14,44,57,58,23,62,91,54,51,38
99,73,35,71,66,28,37,69,52
65,92,46,82,39,63,99,93,42,84,19,71,37
76,71,26,64,86,66,18,95,69,35,28,96,24,37,88,55,81
11,39,43,63,93,73,42,77,84,26,97,19,71,66,37,45,96,69,95
55,62,95,96,66,86,61,28,45,58,81
64,88,18,44,54,65,32
38,43,77,26,97,71,28
46,43,93,73,42,19,28,45,69
18,61,58,54,51,38,65,32,46,82,11
14,92,82,68,51,76,44,18,32,86,46,55,65,62,52,54,57,39,23,91,58,61,38
99,93,73,42,77,84,67,26,97,66,28,37,45,69,64,95,24
26,92,42,67,19,99,43,46,28,66,84,73,71,93,82,35,97,11,63,45,39,77,96
81,55,44,92,62,52,88,91,24,54,18,58,46,65,61
84,43,51,39,91,42,99,32,38,23,82,65,11,77,62,73,46
39,43,63,99,93,73,42,77,67,35,97,19,71,66,28,37,45,96,69,95,88
42,97,67,52,96,84,35,45,55,77,81,66,86,71,95,37,24,64,69
38,92,46,82,11,39,63,99,42,97,19
26,35,71,19,77,92,11,65,42,99,51,43,67,63,73,66,93
67,26,35,19,66,37,88,81,52,86,55,68,61
86,68,76,65,92,39,43
81,24,52,61,18,44,76,96,28,64,37,58,14,57,88,68,45,95,86,91,62,69,23
52,18,55,68,57,23,65,82,39
52,91,69,62,51,88,14,24,68,38,55,86,65,64,61,54,18,95,57,81,58
18,14,64,24,68
97,37,96,69,76
26,95,35,77,67,84,71,42,55
58,43,54,65,18,62,38,39,44,14,68,32,86,76,46,91,11,92,51
55,14,91,54,11,39,99
81,45,18,52,37,61,64,95,19,66,58
82,73,54,92,58,44,43,46,61,57,42
35,69,88,24,76,14,44
62,91,54,51,38,65,32,92,46,82,11,39,43,63,93,73,42,77,84,67,26,35,97
88,76,45,96,28,24,95,18,68,55,61,52,19,67,71,86,37,26,69
62,54,51,46,82,11,43,63,99,93,73,77,84,67,26
42,77,84,67,26,35,45,96,52
23,51,38,65,46,82,11,43,99,93,84,26,35
64,44,81,58,66,55,61
84,19,97,26,64,81,28,35,63,99,73,67,93,69,43,88,37,71,95,77,45,66,42
81,24,52,86,55,68,76,61,14,44,57,58,23,62,91,51,38,32,92,46,82
24,18,68,44,57,23,62,91,54,51,38,65,92,82,11
66,28,45,96,69,64,95,88,81,52,86,18,76,14,62
95,86,88,57,71,61,37,18,66,96,24,81,97
65,23,42,91,11,82,43,39,62,57,63
26,24,19,35,81,86,55
46,28,84,73,11,32,82,63,26,99,43,67,66,38,39,97,42,65,35
37,96,88,61,14,44,62
77,84,26,35,97,19,71,66,28,37,45,96,69,64,95,88,81,24,52,86,18,55,68
81,68,57,23,91,54,82
18,55,68,44,57,23,62,91,54,51,38,65,32,43,63
99,93,73,77,26,97,19,71,66,28,37,45,96,64,95,88,81,24,52
95,73,93,99,19,43,64